2016.8 0.23125e-17
2162.5 0.30208e-17
2285.7 0.34792e-17
2352.9 0.28125e-17
2409. 0.23542e-17
2453.8 0.33542e-17
2521. 0.26042e-17
2565.8 0.32708e-17
2588.2 0.43125e-17
2621.8 0.43542e-17
2633.1 0.53958e-17
2644.3 0.64375e-17
2655.5 0.74792e-17
2700.3 0.75208e-17
2733.9 0.65208e-17
2767.5 0.59792e-17
2778.7 0.50208e-17
2801.1 0.39792e-17
2812.3 0.46875e-17
2823.5 0.57292e-17
2834.7 0.67708e-17
2845.9 0.78125e-17
2879.6 0.86875e-17
2902. 0.97292e-17
2913.2 1.06875e-17
3014. 1.11042e-17
3103.6 1.20625e-17
3193.3 1.27708e-17
3238.1 1.38125e-17
3271.7 1.48542e-17
3305.3 1.58542e-17
3350.1 1.50625e-17
3406.2 1.51458e-17
3462.2 1.46875e-17
3540.6 1.52708e-17
3596.6 1.48125e-17
3641.5 1.58542e-17
3686.3 1.68958e-17
3753.5 1.78958e-17
3787.1 1.89375e-17
3831.9 1.99375e-17
3910.4 1.93542e-17
3932.8 1.83125e-17
3944. 1.76875e-17
3955.2 1.87292e-17
3966.4 1.97708e-17
3977.6 2.18542e-17
3988.8 2.28958e-17
4000. 2.39375e-17
4022.4 2.60208e-17
4067.2 2.54375e-17
4100.8 2.46458e-17
4134.5 2.56875e-17
4235.3 2.61875e-17
4280.1 2.51458e-17
4347.3 2.45208e-17
4392.2 2.55625e-17
4459.4 2.65625e-17
4537.8 2.70625e-17
4717.1 2.65208e-17
4806.7 2.56042e-17
4829.1 2.45625e-17
4851.5 2.35208e-17
4907.6 2.41875e-17
4974.8 2.46458e-17
5086.8 2.39375e-17
5176.5 2.29792e-17
5378.2 2.27292e-17
5579.8 2.20625e-17
5714.3 2.11458e-17
5893.6 2.03958e-17
6095.2 1.98125e-17
6218.5 1.92292e-17
6364.1 1.83542e-17
6498.6 1.74375e-17
6532.2 1.64375e-17
6577. 1.63125e-17
6689.1 1.69375e-17
6890.8 1.62292e-17
7092.4 1.55208e-17
7294.1 1.47708e-17
7495.8 1.40625e-17
7708.7 1.33958e-17
7932.8 1.27292e-17
8145.7 1.21042e-17
8369.7 1.15208e-17
8515.4 1.06458e-17
8638.7 1.03958e-17
8806.7 1.03542e-17
9008.4 0.97708e-17
9243.7 0.93125e-17
9479. 0.88542e-17
9725.5 0.84375e-17
9960.8 0.80625e-17
