2016.1 0.14849e-17
2150.6 0.1935e-17
2262.6 0.23352e-17
2341.1 0.19851e-17
2397.1 0.13849e-17
2430.7 0.191e-17
2497.9 0.19851e-17
2542.8 0.176e-17
2565.2 0.23852e-17
2598.8 0.26603e-17
2621.2 0.30354e-17
2643.6 0.36606e-17
2654.8 0.42859e-17
2666.0 0.49111e-17
2699.6 0.49111e-17
2733.3 0.42859e-17
2755.7 0.37107e-17
2778.1 0.34356e-17
2789.3 0.28104e-17
2800.5 0.27353e-17
2811.7 0.33605e-17
2822.9 0.39858e-17
2834.1 0.4611e-17
2856.5 0.51612e-17
2878.9 0.57864e-17
2901.3 0.64116e-17
2935.0 0.68618e-17
3013.4 0.72119e-17
3091.8 0.78121e-17
3192.7 0.82622e-17
3237.5 0.88875e-17
3271.1 0.95127e-17
3293.5 1.01379e-17
3338.4 0.99878e-17
3383.2 0.95627e-17
3439.2 0.98628e-17
3495.2 0.97878e-17
3573.7 0.97628e-17
3618.5 0.98378e-17
3652.1 1.0438e-17
3708.1 1.10632e-17
3753.0 1.16634e-17
3786.6 1.22886e-17
3820.2 1.29139e-17
3898.6 1.26138e-17
3921.0 1.19885e-17
3943.4 1.13633e-17
3954.7 1.25137e-17
3965.9 1.31389e-17
3977.1 1.43894e-17
3988.3 1.50146e-17
3999.5 1.56398e-17
4010.7 1.6265e-17
4021.9 1.68902e-17
4066.7 1.65401e-17
4100.3 1.59149e-17
4133.9 1.64901e-17
4178.8 1.69903e-17
4268.4 1.64901e-17
4313.2 1.58899e-17
4380.5 1.629e-17
4414.1 1.69152e-17
4481.3 1.75155e-17
4604.6 1.75155e-17
4772.7 1.70403e-17
4806.3 1.64401e-17
4828.7 1.58149e-17
4851.1 1.51896e-17
4907.1 1.56898e-17
4963.1 1.60149e-17
5075.2 1.55898e-17
5153.6 1.49896e-17
5344.1 1.48645e-17
5534.6 1.44394e-17
5669.1 1.38892e-17
5848.4 1.3439e-17
6027.7 1.30389e-17
6139.7 1.24887e-17
6285.4 1.21636e-17
6431.1 1.16634e-17
6509.5 1.10632e-17
6543.1 1.0438e-17
6587.9 1.07381e-17
6733.6 1.08631e-17
6935.3 1.0413e-17
7137.0 0.99628e-17
7327.5 0.95127e-17
7518.0 0.90625e-17
7719.7 0.86374e-17
7932.6 0.82372e-17
8145.5 0.78621e-17
8358.4 0.7462e-17
8504.1 0.69368e-17
8627.3 0.68367e-17
8739.4 0.67867e-17
8963.5 0.64616e-17
9176.4 0.61615e-17
9400.5 0.58614e-17
9635.8 0.55863e-17
9871.1 0.53112e-17
