2.000000000000000000e+03 7.939999999999999977e-20
2.500000000000000000e+03 3.830000000000000035e-19
3.000000000000000000e+03 1.629999999999999993e-18
3.500000000000000000e+03 2.720000000000000164e-18
4.000000000000000000e+03 3.119999999999999961e-18
4.500000000000000000e+03 4.969999999999999747e-18
5.000000000000000000e+03 5.069999999999999985e-18
5.500000000000000000e+03 5.170000000000000224e-18
6.000000000000000000e+03 5.140000000000000383e-18
7.000000000000000000e+03 4.480000000000000043e-18
8.000000000000000000e+03 3.819999999999999703e-18
9.000000000000000000e+03 3.180000000000000027e-18
1.000000000000000000e+04 2.699999999999999885e-18
1.100000000000000000e+04 2.259999999999999915e-18
1.200000000000000000e+04 1.940000000000000077e-18
1.300000000000000000e+04 1.679999999999999920e-18
1.400000000000000000e+04 1.459999999999999935e-18
1.500000000000000000e+04 1.260000000000000036e-18
1.600000000000000000e+04 1.089999999999999978e-18
1.700000000000000000e+04 9.269999999999999592e-19
